Obj	Immersion	Empty	V_Res	µm/pix	Z step (µm)	Scanning	Sampling	Destripe	Flat	Z_Block	Version
LCT 1.625x	1.52+	Blank	1600	4.000	4.00	Fast	1/1	D256/0	Applied	7025	5.6.0.17
Wavelength	Power L	Power R									
488	28.00	35.00									
561	27.00	35.00									
639	33.00	35.00									
785	20.00	20.00									
X	Y	Z	Laser	Side	Exposure	Skip	Filter				
429480	252660	2113	488	0	2	1	0				
429480	252660	2113	561	0	2	1	1				
429480	252660	2113	639	0	2	1	2				
501480	252660	2113	488	1	2	1	0				
501480	252660	2113	561	1	2	1	1				
501480	252660	2113	639	1	2	1	2				
429480	310260	2113	488	0	2	1	0				
429480	310260	2113	561	0	2	1	1				
429480	310260	2113	639	0	2	1	2				
501480	310260	2113	488	1	2	1	0				
501480	310260	2113	561	1	2	1	1				
501480	310260	2113	639	1	2	1	2				
429480	367860	2113	488	0	2	1	0				
429480	367860	2113	561	0	2	1	1				
429480	367860	2113	639	0	2	1	2				
501480	367860	2113	488	1	2	1	0				
501480	367860	2113	561	1	2	1	1				
501480	367860	2113	639	1	2	1	2				
