Obj	Immersion	Empty	V_Res	µm/pix	Z step (µm)	Scanning	Sampling	Destripe	Z_Block	Version
LCT 1.625x	1.52+	Blank	1600	4.000	4.00	Fast	1/1	D256/0	7062	5.0.0.15
Wavelength	Power L	Power R								
488	20.00	20.00								
561	20.00	20.00								
639	35.00	35.00								
785	20.00	20.00								
X	Y	Z	Laser	Side	Exposure	Skip	Filter			
447610	637230	1818	488	0	2	1	0			
447610	637230	1818	639	0	2	1	2			
519610	637230	1818	488	1	2	1	0			
519610	637230	1818	639	1	2	1	2			
447610	694830	1818	488	0	2	1	0			
447610	694830	1818	639	0	2	1	2			
519610	694830	1818	488	1	2	1	0			
519610	694830	1818	639	1	2	1	2			
447610	752430	1818	488	0	2	1	0			
447610	752430	1818	639	0	2	1	2			
519610	752430	1818	488	1	2	1	0			
519610	752430	1818	639	1	2	1	2			
