Obj	Immersion	Empty	V_Res	µm/pix	Z step (µm)	Scanning	Sampling	Destripe	Flat	Z_Block	Version
LCT 1.625x	1.52+	Blank	1600	4.000	4.00	Fast	1/1	D256/0	Applied	7590	5.6.0.17
Wavelength	Power L	Power R									
488	15.00	18.00									
561	20.00	20.00									
639	60.00	55.00									
785	20.00	20.00									
X	Y	Z	Laser	Side	Exposure	Skip	Filter				
427360	243460	4075	488	0	2	1	0				
427360	243460	4075	639	0	2	1	2				
499360	243460	4075	488	1	2	1	0				
499360	243460	4075	639	1	2	1	2				
427360	301060	4075	488	0	2	1	0				
427360	301060	4075	639	0	2	1	2				
499360	301060	4075	488	1	2	1	0				
499360	301060	4075	639	1	2	1	2				
427360	358660	4075	488	0	2	1	0				
427360	358660	4075	639	0	2	1	2				
499360	358660	4075	488	1	2	1	0				
499360	358660	4075	639	1	2	1	2				
