Obj	Immersion	Empty	V_Res	µm/pix	Z step (µm)	Scanning	Sampling	Destripe	Flat	Z_Block	Version
LCT 1.625x	1.52+	Blank	1600	4.000	4.00	Fast	1/1	D256/0	Applied	8317	5.6.0.17
Wavelength	Power L	Power R									
488	24.00	30.00									
561	20.00	20.00									
639	39.00	38.00									
785	20.00	20.00									
X	Y	Z	Laser	Side	Exposure	Skip	Filter				
456440	281450	997	488	0	2	1	0				
456440	281450	997	639	0	2	1	2				
528440	281450	997	488	1	2	1	0				
528440	281450	997	639	1	2	1	2				
456440	339050	997	488	0	2	1	0				
456440	339050	997	639	0	2	1	2				
528440	339050	997	488	1	2	1	0				
528440	339050	997	639	1	2	1	2				
456440	396650	997	488	0	2	1	0				
456440	396650	997	639	0	2	1	2				
528440	396650	997	488	1	2	1	0				
528440	396650	997	639	1	2	1	2				
