Obj	Immersion	Empty	V_Res	µm/pix	Z step (µm)	Scanning	Sampling	Destripe	Flat	Z_Block	Version
LCT 1.625x	1.52+	Blank	1600	4.000	4.00	Fast	1/1	D256/0	Applied	7269	5.6.0.17
Wavelength	Power L	Power R									
488	20.00	20.00									
561	20.00	20.00									
639	35.00	35.00									
785	20.00	20.00									
X	Y	Z	Laser	Side	Exposure	Skip	Filter				
466730	612640	789	488	0	2	1	0				
466730	612640	789	639	0	2	1	2				
538730	612640	789	488	1	2	1	0				
538730	612640	789	639	1	2	1	2				
466730	670240	789	488	0	2	1	0				
466730	670240	789	639	0	2	1	2				
538730	670240	789	488	1	2	1	0				
538730	670240	789	639	1	2	1	2				
466730	727840	789	488	0	2	1	0				
466730	727840	789	639	0	2	1	2				
538730	727840	789	488	1	2	1	0				
538730	727840	789	639	1	2	1	2				
