Obj	Immersion	Empty	V_Res	µm/pix	Z step (µm)	Scanning	Sampling	Destripe	Flat	Z_Block	Version
LCT 1.625x	1.52+	Blank	1600	4.000	4.00	Fast	1/1	D256/0	Applied	7009	5.6.0.17
Wavelength	Power L	Power R									
488	16.00	18.00									
561	6.00	7.00									
639	60.00	55.00									
785	20.00	20.00									
X	Y	Z	Laser	Side	Exposure	Skip	Filter				
425250	257850	1523	488	0	2	1	0				
425250	257850	1523	561	0	2	1	1				
425250	257850	1523	639	0	2	1	2				
497250	257850	1523	488	1	2	1	0				
497250	257850	1523	561	1	2	1	1				
497250	257850	1523	639	1	2	1	2				
425250	315450	1523	488	0	2	1	0				
425250	315450	1523	561	0	2	1	1				
425250	315450	1523	639	0	2	1	2				
497250	315450	1523	488	1	2	1	0				
497250	315450	1523	561	1	2	1	1				
497250	315450	1523	639	1	2	1	2				
425250	373050	1523	488	0	2	1	0				
425250	373050	1523	561	0	2	1	1				
425250	373050	1523	639	0	2	1	2				
497250	373050	1523	488	1	2	1	0				
497250	373050	1523	561	1	2	1	1				
497250	373050	1523	639	1	2	1	2				
