Obj	Immersion	Empty	V_Res	µm/pix	Z step (µm)	Scanning	Sampling	Destripe	Flat	Z_Block	Version
LCT 1.625x	1.52+	Blank	1600	4.000	4.00	Fast	1/1	D256/0	Applied	7408	5.6.0.4
Wavelength	Power L	Power R									
488	20.00	20.00									
561	20.00	20.00									
639	35.00	35.00									
785	20.00	20.00									
X	Y	Z	Laser	Side	Exposure	Skip	Filter				
442710	255190	1277	488	0	2	1	0				
442710	255190	1277	639	0	2	1	2				
514710	255190	1277	488	1	2	1	0				
514710	255190	1277	639	1	2	1	2				
442710	312790	1277	488	0	2	1	0				
442710	312790	1277	639	0	2	1	2				
514710	312790	1277	488	1	2	1	0				
514710	312790	1277	639	1	2	1	2				
442710	370390	1277	488	0	2	1	0				
442710	370390	1277	639	0	2	1	2				
514710	370390	1277	488	1	2	1	0				
514710	370390	1277	639	1	2	1	2				
