Obj	Immersion	Empty	V_Res	µm/pix	Z step (µm)	Scanning	Sampling	Destripe	Flat	Z_Block	Version
LCT 1.625x	1.52+	Blank	1600	4.000	4.00	Fast	1/1	D256/0	Applied	6956	5.6.0.17
Wavelength	Power L	Power R									
488	20.00	20.00									
561	20.00	20.00									
639	35.00	35.00									
785	20.00	20.00									
X	Y	Z	Laser	Side	Exposure	Skip	Filter				
444800	641720	1473	488	0	2	1	0				
444800	641720	1473	639	0	2	1	2				
516800	641720	1473	488	1	2	1	0				
516800	641720	1473	639	1	2	1	2				
444800	699320	1473	488	0	2	1	0				
444800	699320	1473	639	0	2	1	2				
516800	699320	1473	488	1	2	1	0				
516800	699320	1473	639	1	2	1	2				
444800	756920	1473	488	0	2	1	0				
444800	756920	1473	639	0	2	1	2				
516800	756920	1473	488	1	2	1	0				
516800	756920	1473	639	1	2	1	2				
