Obj	Immersion	Empty	V_Res	µm/pix	Z step (µm)	Scanning	Sampling	Destripe	Flat	Z_Block	Version
LCT 1.625x	1.52+	Blank	1600	4.000	4.00	Fast	1/1	D256/0	Applied	7619	5.6.0.4
Wavelength	Power L	Power R									
488	20.00	20.00									
561	20.00	20.00									
639	35.00	35.00									
785	20.00	20.00									
X	Y	Z	Laser	Side	Exposure	Skip	Filter				
462590	238430	1548	488	0	2	1	0				
462590	238430	1548	561	0	2	1	1				
462590	238430	1548	639	0	2	1	2				
534590	238430	1548	488	1	2	1	0				
534590	238430	1548	561	1	2	1	1				
534590	238430	1548	639	1	2	1	2				
462590	296030	1548	488	0	2	1	0				
462590	296030	1548	561	0	2	1	1				
462590	296030	1548	639	0	2	1	2				
534590	296030	1548	488	1	2	1	0				
534590	296030	1548	561	1	2	1	1				
534590	296030	1548	639	1	2	1	2				
462590	353630	1548	488	0	2	1	0				
462590	353630	1548	561	0	2	1	1				
462590	353630	1548	639	0	2	1	2				
534590	353630	1548	488	1	2	1	0				
534590	353630	1548	561	1	2	1	1				
534590	353630	1548	639	1	2	1	2				
