Obj	Immersion	Empty	V_Res	µm/pix	Z step (µm)	Scanning	Sampling	Destripe	Flat	Z_Block	Version
LCT 1.625x	1.52+	Blank	1600	4.000	4.00	Fast	1/1	D256/0	Applied	8846	5.6.0.4
Wavelength	Power L	Power R									
488	20.00	20.00									
561	20.00	20.00									
639	35.00	35.00									
785	20.00	20.00									
X	Y	Z	Laser	Side	Exposure	Skip	Filter				
417510	312140	181	488	0	2	1	0				
417510	312140	181	561	0	2	1	1				
417510	312140	181	639	0	2	1	2				
489510	312140	181	488	1	2	1	0				
489510	312140	181	561	1	2	1	1				
489510	312140	181	639	1	2	1	2				
417510	369740	181	488	0	2	1	0				
417510	369740	181	561	0	2	1	1				
417510	369740	181	639	0	2	1	2				
489510	369740	181	488	1	2	1	0				
489510	369740	181	561	1	2	1	1				
489510	369740	181	639	1	2	1	2				
417510	427340	181	488	0	2	1	0				
417510	427340	181	561	0	2	1	1				
417510	427340	181	639	0	2	1	2				
489510	427340	181	488	1	2	1	0				
489510	427340	181	561	1	2	1	1				
489510	427340	181	639	1	2	1	2				
