Obj	Immersion	Empty	V_Res	µm/pix	Z step (µm)	Scanning	Sampling	Destripe	Flat	Z_Block	Version
LCT 1.625x	1.52+	Blank	1600	4.000	4.00	Fast	1/1	D256/0	Applied	7613	5.6.0.4
Wavelength	Power L	Power R									
488	20.00	20.00									
561	20.00	20.00									
639	35.00	35.00									
785	20.00	20.00									
X	Y	Z	Laser	Side	Exposure	Skip	Filter				
457540	621090	1153	488	0	2	1	0				
457540	621090	1153	561	0	2	1	1				
457540	621090	1153	639	0	2	1	2				
529540	621090	1153	488	1	2	1	0				
529540	621090	1153	561	1	2	1	1				
529540	621090	1153	639	1	2	1	2				
457540	678690	1153	488	0	2	1	0				
457540	678690	1153	561	0	2	1	1				
457540	678690	1153	639	0	2	1	2				
529540	678690	1153	488	1	2	1	0				
529540	678690	1153	561	1	2	1	1				
529540	678690	1153	639	1	2	1	2				
457540	736290	1153	488	0	2	1	0				
457540	736290	1153	561	0	2	1	1				
457540	736290	1153	639	0	2	1	2				
529540	736290	1153	488	1	2	1	0				
529540	736290	1153	561	1	2	1	1				
529540	736290	1153	639	1	2	1	2				
