Obj	Immersion	Empty	V_Res	µm/pix	Z step (µm)	Scanning	Sampling	Destripe	Flat	Z_Block	Version
LCT 1.625x	1.52+	Blank	1600	4.000	4.00	Fast	1/1	D256/0	Applied	7535	5.6.0.17
Wavelength	Power L	Power R									
488	13.00	13.00									
561	20.00	20.00									
639	47.00	48.00									
785	20.00	20.00									
X	Y	Z	Laser	Side	Exposure	Skip	Filter				
430450	258910	1810	488	0	2	1	0				
430450	258910	1810	639	0	2	1	2				
502450	258910	1810	488	1	2	1	0				
502450	258910	1810	639	1	2	1	2				
430450	316510	1810	488	0	2	1	0				
430450	316510	1810	639	0	2	1	2				
502450	316510	1810	488	1	2	1	0				
502450	316510	1810	639	1	2	1	2				
430450	374110	1810	488	0	2	1	0				
430450	374110	1810	639	0	2	1	2				
502450	374110	1810	488	1	2	1	0				
502450	374110	1810	639	1	2	1	2				
