Obj	Immersion	Empty	V_Res	µm/pix	Z step (µm)	Scanning	Sampling	Destripe	Flat	Z_Block	Version
LCT 1.625x	1.52+	Blank	1600	4.000	4.00	Fast	1/1	D256/0	Applied	7596	5.6.0.17
Wavelength	Power L	Power R									
488	24.00	30.00									
561	20.00	20.00									
639	39.00	38.00									
785	20.00	20.00									
X	Y	Z	Laser	Side	Exposure	Skip	Filter				
449900	284180	2100	488	0	2	1	0				
449900	284180	2100	639	0	2	1	2				
521900	284180	2100	488	1	2	1	0				
521900	284180	2100	639	1	2	1	2				
449900	341780	2100	488	0	2	1	0				
449900	341780	2100	639	0	2	1	2				
521900	341780	2100	488	1	2	1	0				
521900	341780	2100	639	1	2	1	2				
449900	399380	2100	488	0	2	1	0				
449900	399380	2100	639	0	2	1	2				
521900	399380	2100	488	1	2	1	0				
521900	399380	2100	639	1	2	1	2				
