Obj	Immersion	Empty	V_Res	µm/pix	Z step (µm)	Scanning	Sampling	Destripe	Flat	Z_Block	Version
LCT 1.625x	1.52+	Blank	1600	4.000	4.00	Fast	1/1	D256/0	Applied	7586	5.6.0.4
Wavelength	Power L	Power R									
488	20.00	20.00									
561	20.00	20.00									
639	35.00	35.00									
785	20.00	20.00									
X	Y	Z	Laser	Side	Exposure	Skip	Filter				
462790	602940	3544	488	0	2	1	0				
462790	602940	3544	561	0	2	1	1				
462790	602940	3544	639	0	2	1	2				
534790	602940	3544	488	1	2	1	0				
534790	602940	3544	561	1	2	1	1				
534790	602940	3544	639	1	2	1	2				
462790	660540	3544	488	0	2	1	0				
462790	660540	3544	561	0	2	1	1				
462790	660540	3544	639	0	2	1	2				
534790	660540	3544	488	1	2	1	0				
534790	660540	3544	561	1	2	1	1				
534790	660540	3544	639	1	2	1	2				
462790	718140	3544	488	0	2	1	0				
462790	718140	3544	561	0	2	1	1				
462790	718140	3544	639	0	2	1	2				
534790	718140	3544	488	1	2	1	0				
534790	718140	3544	561	1	2	1	1				
534790	718140	3544	639	1	2	1	2				
