Obj	Immersion	Empty	V_Res	µm/pix	Z step (µm)	Scanning	Sampling	Destripe	Flat	Z_Block	Version
LCT 1.625x	1.52+	Blank	1600	4.000	4.00	Fast	1/1	D256/0	Applied	7284	5.6.0.4
Wavelength	Power L	Power R									
488	20.00	20.00									
561	20.00	20.00									
639	35.00	35.00									
785	20.00	20.00									
X	Y	Z	Laser	Side	Exposure	Skip	Filter				
419720	271470	1164	488	0	2	1	0				
419720	271470	1164	639	0	2	1	2				
491720	271470	1164	488	1	2	1	0				
491720	271470	1164	639	1	2	1	2				
419720	329070	1164	488	0	2	1	0				
419720	329070	1164	639	0	2	1	2				
491720	329070	1164	488	1	2	1	0				
491720	329070	1164	639	1	2	1	2				
419720	386670	1164	488	0	2	1	0				
419720	386670	1164	639	0	2	1	2				
491720	386670	1164	488	1	2	1	0				
491720	386670	1164	639	1	2	1	2				
