Obj	Immersion	Empty	V_Res	µm/pix	Z step (µm)	Scanning	Sampling	Destripe	Flat	Z_Block	Version
LCT 1.625x	1.52+	Blank	1600	4.000	4.00	Fast	1/1	D256/0	Applied	6967	5.6.0.17
Wavelength	Power L	Power R									
488	13.00	13.00									
561	20.00	20.00									
639	47.00	48.00									
785	20.00	20.00									
X	Y	Z	Laser	Side	Exposure	Skip	Filter				
454170	262770	3429	488	0	2	1	0				
454170	262770	3429	639	0	2	1	2				
526170	262770	3429	488	1	2	1	0				
526170	262770	3429	639	1	2	1	2				
454170	320370	3429	488	0	2	1	0				
454170	320370	3429	639	0	2	1	2				
526170	320370	3429	488	1	2	1	0				
526170	320370	3429	639	1	2	1	2				
454170	377970	3429	488	0	2	1	0				
454170	377970	3429	639	0	2	1	2				
526170	377970	3429	488	1	2	1	0				
526170	377970	3429	639	1	2	1	2				
