Obj	Immersion	Empty	V_Res	µm/pix	Z step (µm)	Scanning	Sampling	Destripe	Flat	Z_Block	Version
LCT 1.625x	1.52+	Blank	1600	4.000	4.00	Fast	1/1	D256/0	Applied	6987	5.6.0.17
Wavelength	Power L	Power R									
488	17.00	20.00									
561	24.00	35.00									
639	35.00	35.00									
785	20.00	20.00									
X	Y	Z	Laser	Side	Exposure	Skip	Filter				
422490	258870	1119	488	0	2	1	0				
422490	258870	1119	561	0	2	1	1				
422490	258870	1119	639	0	2	1	2				
494490	258870	1119	488	1	2	1	0				
494490	258870	1119	561	1	2	1	1				
494490	258870	1119	639	1	2	1	2				
422490	316470	1119	488	0	2	1	0				
422490	316470	1119	561	0	2	1	1				
422490	316470	1119	639	0	2	1	2				
494490	316470	1119	488	1	2	1	0				
494490	316470	1119	561	1	2	1	1				
494490	316470	1119	639	1	2	1	2				
422490	374070	1119	488	0	2	1	0				
422490	374070	1119	561	0	2	1	1				
422490	374070	1119	639	0	2	1	2				
494490	374070	1119	488	1	2	1	0				
494490	374070	1119	561	1	2	1	1				
494490	374070	1119	639	1	2	1	2				
