Obj	Immersion	Empty	V_Res	µm/pix	Z step (µm)	Scanning	Sampling	Destripe	Flat	Z_Block	Version
LCT 1.625x	1.52+	Blank	1600	4.000	4.00	Fast	1/1	D256/0	Applied	7252	5.6.0.17
Wavelength	Power L	Power R									
488	20.00	20.00									
561	20.00	20.00									
639	60.00	55.00									
785	20.00	20.00									
X	Y	Z	Laser	Side	Exposure	Skip	Filter				
450900	610070	2688	488	0	2	1	0				
450900	610070	2688	639	0	2	1	2				
522900	610070	2688	488	1	2	1	0				
522900	610070	2688	639	1	2	1	2				
450900	667670	2688	488	0	2	1	0				
450900	667670	2688	639	0	2	1	2				
522900	667670	2688	488	1	2	1	0				
522900	667670	2688	639	1	2	1	2				
450900	725270	2688	488	0	2	1	0				
450900	725270	2688	639	0	2	1	2				
522900	725270	2688	488	1	2	1	0				
522900	725270	2688	639	1	2	1	2				
