Obj	Immersion	Empty	V_Res	µm/pix	Z step (µm)	Scanning	Sampling	Destripe	Flat	Z_Block	Version
LCT 1.625x	1.52+	Blank	1600	4.000	4.00	Fast	1/1	D256/0	Applied	7520	5.6.0.17
Wavelength	Power L	Power R									
488	16.00	18.00									
561	6.00	8.00									
639	60.00	55.00									
785	20.00	20.00									
X	Y	Z	Laser	Side	Exposure	Skip	Filter				
469650	616130	2324	488	0	2	1	0				
469650	616130	2324	561	0	2	1	1				
469650	616130	2324	639	0	2	1	2				
541650	616130	2324	488	1	2	1	0				
541650	616130	2324	561	1	2	1	1				
541650	616130	2324	639	1	2	1	2				
469650	673730	2324	488	0	2	1	0				
469650	673730	2324	561	0	2	1	1				
469650	673730	2324	639	0	2	1	2				
541650	673730	2324	488	1	2	1	0				
541650	673730	2324	561	1	2	1	1				
541650	673730	2324	639	1	2	1	2				
469650	731330	2324	488	0	2	1	0				
469650	731330	2324	561	0	2	1	1				
469650	731330	2324	639	0	2	1	2				
541650	731330	2324	488	1	2	1	0				
541650	731330	2324	561	1	2	1	1				
541650	731330	2324	639	1	2	1	2				
