Obj	Immersion	Empty	V_Res	µm/pix	Z step (µm)	Scanning	Sampling	Destripe	Flat	Z_Block	Version
LCT 1.625x	1.52+	Blank	1600	4.000	4.00	Fast	1/1	D256/0	Applied	7963	5.6.0.4
Wavelength	Power L	Power R									
488	20.00	20.00									
561	20.00	20.00									
639	35.00	35.00									
785	20.00	20.00									
X	Y	Z	Laser	Side	Exposure	Skip	Filter				
444950	665200	1451	488	0	2	1	0				
444950	665200	1451	561	0	2	1	1				
444950	665200	1451	639	0	2	1	2				
516950	665200	1451	488	1	2	1	0				
516950	665200	1451	561	1	2	1	1				
516950	665200	1451	639	1	2	1	2				
444950	722800	1451	488	0	2	1	0				
444950	722800	1451	561	0	2	1	1				
444950	722800	1451	639	0	2	1	2				
516950	722800	1451	488	1	2	1	0				
516950	722800	1451	561	1	2	1	1				
516950	722800	1451	639	1	2	1	2				
444950	780400	1451	488	0	2	1	0				
444950	780400	1451	561	0	2	1	1				
444950	780400	1451	639	0	2	1	2				
516950	780400	1451	488	1	2	1	0				
516950	780400	1451	561	1	2	1	1				
516950	780400	1451	639	1	2	1	2				
