Obj	Immersion	Empty	V_Res	µm/pix	Z step (µm)	Scanning	Sampling	Destripe	Flat	Z_Block	Version
LCT 1.625x	1.52+	Blank	1600	4.000	4.00	Fast	1/1	D256/0	Applied	7135	5.6.0.17
Wavelength	Power L	Power R									
488	17.00	20.00									
561	24.00	35.00									
639	35.00	35.00									
785	20.00	20.00									
X	Y	Z	Laser	Side	Exposure	Skip	Filter				
420350	306190	1861	488	0	2	1	0				
420350	306190	1861	561	0	2	1	1				
420350	306190	1861	639	0	2	1	2				
492350	306190	1861	488	1	2	1	0				
492350	306190	1861	561	1	2	1	1				
492350	306190	1861	639	1	2	1	2				
420350	363790	1861	488	0	2	1	0				
420350	363790	1861	561	0	2	1	1				
420350	363790	1861	639	0	2	1	2				
492350	363790	1861	488	1	2	1	0				
492350	363790	1861	561	1	2	1	1				
492350	363790	1861	639	1	2	1	2				
420350	421390	1861	488	0	2	1	0				
420350	421390	1861	561	0	2	1	1				
420350	421390	1861	639	0	2	1	2				
492350	421390	1861	488	1	2	1	0				
492350	421390	1861	561	1	2	1	1				
492350	421390	1861	639	1	2	1	2				
