Obj	Immersion	Empty	V_Res	µm/pix	Z step (µm)	Scanning	Sampling	Destripe	Flat	Z_Block	Version
LCT 1.625x	1.52+	Blank	1600	4.000	4.00	Fast	1/1	D256/0	Applied	7124	5.6.0.17
Wavelength	Power L	Power R									
488	16.00	18.00									
561	6.00	7.00									
639	60.00	55.00									
785	20.00	20.00									
X	Y	Z	Laser	Side	Exposure	Skip	Filter				
441070	637550	2865	488	0	2	1	0				
441070	637550	2865	561	0	2	1	1				
441070	637550	2865	639	0	2	1	2				
513070	637550	2865	488	1	2	1	0				
513070	637550	2865	561	1	2	1	1				
513070	637550	2865	639	1	2	1	2				
441070	695150	2865	488	0	2	1	0				
441070	695150	2865	561	0	2	1	1				
441070	695150	2865	639	0	2	1	2				
513070	695150	2865	488	1	2	1	0				
513070	695150	2865	561	1	2	1	1				
513070	695150	2865	639	1	2	1	2				
441070	752750	2865	488	0	2	1	0				
441070	752750	2865	561	0	2	1	1				
441070	752750	2865	639	0	2	1	2				
513070	752750	2865	488	1	2	1	0				
513070	752750	2865	561	1	2	1	1				
513070	752750	2865	639	1	2	1	2				
