Obj	Immersion	Empty	V_Res	µm/pix	Z step (µm)	Scanning	Sampling	Destripe	Flat	Z_Block	Version
LCT 1.625x	1.52+	Blank	1600	4.000	4.00	Fast	1/1	D256/0	Applied	7420	5.6.0.4
Wavelength	Power L	Power R									
488	20.00	20.00									
561	20.00	20.00									
639	35.00	35.00									
785	20.00	20.00									
X	Y	Z	Laser	Side	Exposure	Skip	Filter				
427470	274930	1049	488	0	2	1	0				
427470	274930	1049	561	0	2	1	1				
427470	274930	1049	639	0	2	1	2				
499470	274930	1049	488	1	2	1	0				
499470	274930	1049	561	1	2	1	1				
499470	274930	1049	639	1	2	1	2				
427470	332530	1049	488	0	2	1	0				
427470	332530	1049	561	0	2	1	1				
427470	332530	1049	639	0	2	1	2				
499470	332530	1049	488	1	2	1	0				
499470	332530	1049	561	1	2	1	1				
499470	332530	1049	639	1	2	1	2				
427470	390130	1049	488	0	2	1	0				
427470	390130	1049	561	0	2	1	1				
427470	390130	1049	639	0	2	1	2				
499470	390130	1049	488	1	2	1	0				
499470	390130	1049	561	1	2	1	1				
499470	390130	1049	639	1	2	1	2				
