Obj	Immersion	Empty	V_Res	µm/pix	Z step (µm)	Scanning	Sampling	Destripe	Flat	Z_Block	Version
LCT 1.625x	1.52+	Blank	1600	4.000	4.00	Fast	1/1	D256/0	Applied	7073	5.6.0.17
Wavelength	Power L	Power R									
488	17.00	20.00									
561	24.00	35.00									
639	35.00	35.00									
785	20.00	20.00									
X	Y	Z	Laser	Side	Exposure	Skip	Filter				
455680	607090	1261	488	0	2	1	0				
455680	607090	1261	561	0	2	1	1				
455680	607090	1261	639	0	2	1	2				
527680	607090	1261	488	1	2	1	0				
527680	607090	1261	561	1	2	1	1				
527680	607090	1261	639	1	2	1	2				
455680	664690	1261	488	0	2	1	0				
455680	664690	1261	561	0	2	1	1				
455680	664690	1261	639	0	2	1	2				
527680	664690	1261	488	1	2	1	0				
527680	664690	1261	561	1	2	1	1				
527680	664690	1261	639	1	2	1	2				
455680	722290	1261	488	0	2	1	0				
455680	722290	1261	561	0	2	1	1				
455680	722290	1261	639	0	2	1	2				
527680	722290	1261	488	1	2	1	0				
527680	722290	1261	561	1	2	1	1				
527680	722290	1261	639	1	2	1	2				
