Obj	Immersion	Empty	V_Res	µm/pix	Z step (µm)	Scanning	Sampling	Destripe	Flat	Z_Block	Version
LCT 1.625x	1.52+	Blank	1600	4.000	4.00	Fast	1/1	D256/0	Applied	7241	5.6.0.4
Wavelength	Power L	Power R									
488	20.00	20.00									
561	20.00	20.00									
639	35.00	35.00									
785	20.00	20.00									
X	Y	Z	Laser	Side	Exposure	Skip	Filter				
418820	287090	1324	488	0	2	1	0				
418820	287090	1324	639	0	2	1	2				
490820	287090	1324	488	1	2	1	0				
490820	287090	1324	639	1	2	1	2				
418820	344690	1324	488	0	2	1	0				
418820	344690	1324	639	0	2	1	2				
490820	344690	1324	488	1	2	1	0				
490820	344690	1324	639	1	2	1	2				
418820	402290	1324	488	0	2	1	0				
418820	402290	1324	639	0	2	1	2				
490820	402290	1324	488	1	2	1	0				
490820	402290	1324	639	1	2	1	2				
