Obj	Immersion	Empty	V_Res	µm/pix	Z step (µm)	Scanning	Sampling	Destripe	Z_Block	Version
LCT 1.625x	1.52+	Blank	1600	4.000	4.00	Fast	1/1	D256/0	6856	5.0.0.15
Wavelength	Power L	Power R								
488	20.00	20.00								
561	20.00	20.00								
639	35.00	35.00								
785	20.00	20.00								
X	Y	Z	Laser	Side	Exposure	Skip	Filter			
449130	256230	1870	488	0	2	1	0			
449130	256230	1870	639	0	2	1	2			
521130	256230	1870	488	1	2	1	0			
521130	256230	1870	639	1	2	1	2			
449130	313830	1870	488	0	2	1	0			
449130	313830	1870	639	0	2	1	2			
521130	313830	1870	488	1	2	1	0			
521130	313830	1870	639	1	2	1	2			
449130	371430	1870	488	0	2	1	0			
449130	371430	1870	639	0	2	1	2			
521130	371430	1870	488	1	2	1	0			
521130	371430	1870	639	1	2	1	2			
