Obj	Immersion	Empty	V_Res	µm/pix	Z step (µm)	Scanning	Sampling	Destripe	Flat	Z_Block	Version
LCT 1.625x	1.52+	Blank	1600	4.000	4.00	Fast	1/1	D256/0	Applied	7513	5.6.0.4
Wavelength	Power L	Power R									
488	20.00	20.00									
561	20.00	20.00									
639	35.00	35.00									
785	20.00	20.00									
X	Y	Z	Laser	Side	Exposure	Skip	Filter				
451530	636300	1990	488	0	2	1	0				
451530	636300	1990	561	0	2	1	1				
451530	636300	1990	639	0	2	1	2				
523530	636300	1990	488	1	2	1	0				
523530	636300	1990	561	1	2	1	1				
523530	636300	1990	639	1	2	1	2				
451530	693900	1990	488	0	2	1	0				
451530	693900	1990	561	0	2	1	1				
451530	693900	1990	639	0	2	1	2				
523530	693900	1990	488	1	2	1	0				
523530	693900	1990	561	1	2	1	1				
523530	693900	1990	639	1	2	1	2				
451530	751500	1990	488	0	2	1	0				
451530	751500	1990	561	0	2	1	1				
451530	751500	1990	639	0	2	1	2				
523530	751500	1990	488	1	2	1	0				
523530	751500	1990	561	1	2	1	1				
523530	751500	1990	639	1	2	1	2				
