Obj	Immersion	Empty	V_Res	µm/pix	Z step (µm)	Scanning	Sampling	Destripe	Z_Block	Version
LCT 1.625x	1.52+	Blank	1600	4.000	4.00	Fast	1/1	D256/0	6729	5.0.0.15
Wavelength	Power L	Power R								
488	20.00	20.00								
561	15.00	15.00								
639	35.00	35.00								
785	20.00	20.00								
X	Y	Z	Laser	Side	Exposure	Skip	Filter			
450820	285900	1632	488	0	2	1	0			
450820	285900	1632	639	0	2	1	2			
522820	285900	1632	488	1	2	1	0			
522820	285900	1632	639	1	2	1	2			
450820	343500	1632	488	0	2	1	0			
450820	343500	1632	639	0	2	1	2			
522820	343500	1632	488	1	2	1	0			
522820	343500	1632	639	1	2	1	2			
450820	401100	1632	488	0	2	1	0			
450820	401100	1632	639	0	2	1	2			
522820	401100	1632	488	1	2	1	0			
522820	401100	1632	639	1	2	1	2			
