Obj	Immersion	Empty	V_Res	µm/pix	Z step (µm)	Scanning	Sampling	Destripe	Flat	Z_Block	Version
LCT 1.625x	1.52+	Blank	1600	4.000	4.00	Fast	1/1	D256/0	Applied	7046	5.6.0.17
Wavelength	Power L	Power R									
488	20.00	20.00									
561	20.00	20.00									
639	35.00	35.00									
785	20.00	20.00									
X	Y	Z	Laser	Side	Exposure	Skip	Filter				
437220	256090	1919	488	0	2	1	0				
437220	256090	1919	639	0	2	1	2				
509220	256090	1919	488	1	2	1	0				
509220	256090	1919	639	1	2	1	2				
437220	313690	1919	488	0	2	1	0				
437220	313690	1919	639	0	2	1	2				
509220	313690	1919	488	1	2	1	0				
509220	313690	1919	639	1	2	1	2				
437220	371290	1919	488	0	2	1	0				
437220	371290	1919	639	0	2	1	2				
509220	371290	1919	488	1	2	1	0				
509220	371290	1919	639	1	2	1	2				
