Obj	Immersion	Empty	V_Res	µm/pix	Z step (µm)	Scanning	Sampling	Destripe	Z_Block	Version
LCT 1.625x	1.52+	Blank	1600	4.000	4.00	Fast	1/1	D256/0	7070	5.0.0.15
Wavelength	Power L	Power R								
488	20.00	20.00								
561	20.00	20.00								
639	35.00	35.00								
785	20.00	20.00								
X	Y	Z	Laser	Side	Exposure	Skip	Filter			
442540	248990	2193	488	0	2	1	0			
442540	248990	2193	639	0	2	1	2			
514540	248990	2193	488	1	2	1	0			
514540	248990	2193	639	1	2	1	2			
442540	306590	2193	488	0	2	1	0			
442540	306590	2193	639	0	2	1	2			
514540	306590	2193	488	1	2	1	0			
514540	306590	2193	639	1	2	1	2			
442540	364190	2193	488	0	2	1	0			
442540	364190	2193	639	0	2	1	2			
514540	364190	2193	488	1	2	1	0			
514540	364190	2193	639	1	2	1	2			
