Obj	Immersion	Empty	V_Res	µm/pix	Z step (µm)	Scanning	Sampling	Destripe	Flat	Z_Block	Version
LCT 1.625x	1.52+	Blank	1600	4.000	4.00	Fast	1/1	D256/0	Applied	7427	5.6.0.17
Wavelength	Power L	Power R									
488	28.00	35.00									
561	27.00	35.00									
639	33.00	35.00									
785	20.00	20.00									
X	Y	Z	Laser	Side	Exposure	Skip	Filter				
462110	617740	1431	488	0	2	1	0				
462110	617740	1431	561	0	2	1	1				
462110	617740	1431	639	0	2	1	2				
534110	617740	1431	488	1	2	1	0				
534110	617740	1431	561	1	2	1	1				
534110	617740	1431	639	1	2	1	2				
462110	675340	1431	488	0	2	1	0				
462110	675340	1431	561	0	2	1	1				
462110	675340	1431	639	0	2	1	2				
534110	675340	1431	488	1	2	1	0				
534110	675340	1431	561	1	2	1	1				
534110	675340	1431	639	1	2	1	2				
462110	732940	1431	488	0	2	1	0				
462110	732940	1431	561	0	2	1	1				
462110	732940	1431	639	0	2	1	2				
534110	732940	1431	488	1	2	1	0				
534110	732940	1431	561	1	2	1	1				
534110	732940	1431	639	1	2	1	2				
