Obj	Immersion	Empty	V_Res	µm/pix	Z step (µm)	Scanning	Sampling	Destripe	Z_Block	Version
LCT 1.625x	1.52+	Blank	1600	4.000	4.00	Fast	1/1	D256/0	7468	5.0.0.15
Wavelength	Power L	Power R								
488	20.00	20.00								
561	35.00	35.00								
639	35.00	35.00								
785	20.00	20.00								
X	Y	Z	Laser	Side	Exposure	Skip	Filter			
441120	602470	2453	488	0	2	1	0			
441120	602470	2453	561	0	2	1	1			
441120	602470	2453	639	0	2	1	2			
513120	602470	2453	488	1	2	1	0			
513120	602470	2453	561	1	2	1	1			
513120	602470	2453	639	1	2	1	2			
441120	660070	2453	488	0	2	1	0			
441120	660070	2453	561	0	2	1	1			
441120	660070	2453	639	0	2	1	2			
513120	660070	2453	488	1	2	1	0			
513120	660070	2453	561	1	2	1	1			
513120	660070	2453	639	1	2	1	2			
441120	717670	2453	488	0	2	1	0			
441120	717670	2453	561	0	2	1	1			
441120	717670	2453	639	0	2	1	2			
513120	717670	2453	488	1	2	1	0			
513120	717670	2453	561	1	2	1	1			
513120	717670	2453	639	1	2	1	2			
