Obj	Immersion	Empty	V_Res	µm/pix	Z step (µm)	Scanning	Sampling	Destripe	Flat	Z_Block	Version
LCT 1.625x	1.52+	Blank	1600	4.000	4.00	Fast	1/1	D256/0	Applied	7574	5.6.0.17
Wavelength	Power L	Power R									
488	24.00	30.00									
561	20.00	20.00									
639	39.00	38.00									
785	20.00	20.00									
X	Y	Z	Laser	Side	Exposure	Skip	Filter				
453290	625060	2468	488	0	2	1	0				
453290	625060	2468	639	0	2	1	2				
525290	625060	2468	488	1	2	1	0				
525290	625060	2468	639	1	2	1	2				
453290	682660	2468	488	0	2	1	0				
453290	682660	2468	639	0	2	1	2				
525290	682660	2468	488	1	2	1	0				
525290	682660	2468	639	1	2	1	2				
453290	740260	2468	488	0	2	1	0				
453290	740260	2468	639	0	2	1	2				
525290	740260	2468	488	1	2	1	0				
525290	740260	2468	639	1	2	1	2				
