Obj	Immersion	Empty	V_Res	µm/pix	Z step (µm)	Scanning	Sampling	Destripe	Flat	Z_Block	Version
LCT 1.625x	1.52+	Blank	1600	4.000	4.00	Fast	1/1	D256/0	Applied	8061	5.6.0.17
Wavelength	Power L	Power R									
488	28.00	35.00									
561	20.00	20.00									
639	35.00	35.00									
785	20.00	20.00									
X	Y	Z	Laser	Side	Exposure	Skip	Filter				
447720	262100	3020	488	0	2	1	0				
447720	262100	3020	639	0	2	1	2				
519720	262100	3020	488	1	2	1	0				
519720	262100	3020	639	1	2	1	2				
447720	319700	3020	488	0	2	1	0				
447720	319700	3020	639	0	2	1	2				
519720	319700	3020	488	1	2	1	0				
519720	319700	3020	639	1	2	1	2				
447720	377300	3020	488	0	2	1	0				
447720	377300	3020	639	0	2	1	2				
519720	377300	3020	488	1	2	1	0				
519720	377300	3020	639	1	2	1	2				
