Obj	Immersion	Empty	V_Res	µm/pix	Z step (µm)	Scanning	Sampling	Destripe	Z_Block	Version
LCT 1.625x	1.52+	Blank	1600	4.000	4.00	Fast	1/1	D256/0	6899	5.0.0.15
Wavelength	Power L	Power R								
488	20.00	20.00								
561	15.00	15.00								
639	35.00	35.00								
785	20.00	20.00								
X	Y	Z	Laser	Side	Exposure	Skip	Filter			
441760	601930	2323	488	0	2	1	0			
441760	601930	2323	639	0	2	1	2			
513760	601930	2323	488	1	2	1	0			
513760	601930	2323	639	1	2	1	2			
441760	659530	2323	488	0	2	1	0			
441760	659530	2323	639	0	2	1	2			
513760	659530	2323	488	1	2	1	0			
513760	659530	2323	639	1	2	1	2			
441760	717130	2323	488	0	2	1	0			
441760	717130	2323	639	0	2	1	2			
513760	717130	2323	488	1	2	1	0			
513760	717130	2323	639	1	2	1	2			
