Obj	Immersion	Empty	V_Res	µm/pix	Z step (µm)	Scanning	Sampling	Destripe	Flat	Z_Block	Version
LCT 1.625x	1.52+	Blank	1600	4.000	4.00	Fast	1/1	D256/0	Applied	7834	5.6.0.17
Wavelength	Power L	Power R									
488	28.00	35.00									
561	20.00	20.00									
639	35.00	35.00									
785	20.00	20.00									
X	Y	Z	Laser	Side	Exposure	Skip	Filter				
453390	276180	3450	488	0	2	1	0				
453390	276180	3450	639	0	2	1	2				
525390	276180	3450	488	1	2	1	0				
525390	276180	3450	639	1	2	1	2				
453390	333780	3450	488	0	2	1	0				
453390	333780	3450	639	0	2	1	2				
525390	333780	3450	488	1	2	1	0				
525390	333780	3450	639	1	2	1	2				
453390	391380	3450	488	0	2	1	0				
453390	391380	3450	639	0	2	1	2				
525390	391380	3450	488	1	2	1	0				
525390	391380	3450	639	1	2	1	2				
