Obj	Immersion	Empty	V_Res	µm/pix	Z step (µm)	Scanning	Sampling	Destripe	Flat	Z_Block	Version
LCT 1.625x	1.52+	Blank	1600	4.000	4.00	Fast	1/1	D256/0	Applied	6407	5.6.0.17
Wavelength	Power L	Power R									
488	16.00	18.00									
561	6.00	7.00									
639	60.00	55.00									
785	20.00	20.00									
X	Y	Z	Laser	Side	Exposure	Skip	Filter				
424540	652680	2963	488	0	2	1	0				
424540	652680	2963	561	0	2	1	1				
424540	652680	2963	639	0	2	1	2				
496540	652680	2963	488	1	2	1	0				
496540	652680	2963	561	1	2	1	1				
496540	652680	2963	639	1	2	1	2				
424540	710280	2963	488	0	2	1	0				
424540	710280	2963	561	0	2	1	1				
424540	710280	2963	639	0	2	1	2				
496540	710280	2963	488	1	2	1	0				
496540	710280	2963	561	1	2	1	1				
496540	710280	2963	639	1	2	1	2				
424540	767880	2963	488	0	2	1	0				
424540	767880	2963	561	0	2	1	1				
424540	767880	2963	639	0	2	1	2				
496540	767880	2963	488	1	2	1	0				
496540	767880	2963	561	1	2	1	1				
496540	767880	2963	639	1	2	1	2				
