Obj	Immersion	Empty	V_Res	µm/pix	Z step (µm)	Scanning	Sampling	Destripe	Flat	Z_Block	Version
LCT 1.625x	1.52+	Blank	1600	4.000	4.00	Fast	1/1	D256/0	Applied	7635	5.6.0.4
Wavelength	Power L	Power R									
488	20.00	20.00									
561	20.00	20.00									
639	35.00	35.00									
785	20.00	20.00									
X	Y	Z	Laser	Side	Exposure	Skip	Filter				
406960	660500	1361	488	0	2	1	0				
406960	660500	1361	561	0	2	1	1				
406960	660500	1361	639	0	2	1	2				
478960	660500	1361	488	1	2	1	0				
478960	660500	1361	561	1	2	1	1				
478960	660500	1361	639	1	2	1	2				
406960	718100	1361	488	0	2	1	0				
406960	718100	1361	561	0	2	1	1				
406960	718100	1361	639	0	2	1	2				
478960	718100	1361	488	1	2	1	0				
478960	718100	1361	561	1	2	1	1				
478960	718100	1361	639	1	2	1	2				
406960	775700	1361	488	0	2	1	0				
406960	775700	1361	561	0	2	1	1				
406960	775700	1361	639	0	2	1	2				
478960	775700	1361	488	1	2	1	0				
478960	775700	1361	561	1	2	1	1				
478960	775700	1361	639	1	2	1	2				
