Obj	Immersion	Empty	V_Res	µm/pix	Z step (µm)	Scanning	Sampling	Destripe	Flat	Z_Block	Version
LCT 1.625x	1.52+	Blank	1600	4.000	4.00	Fast	1/1	D256/0	Applied	7136	5.6.0.17
Wavelength	Power L	Power R									
488	24.00	30.00									
561	20.00	20.00									
639	39.00	38.00									
785	20.00	20.00									
X	Y	Z	Laser	Side	Exposure	Skip	Filter				
433830	276990	1497	488	0	2	1	0				
433830	276990	1497	639	0	2	1	2				
505830	276990	1497	488	1	2	1	0				
505830	276990	1497	639	1	2	1	2				
433830	334590	1497	488	0	2	1	0				
433830	334590	1497	639	0	2	1	2				
505830	334590	1497	488	1	2	1	0				
505830	334590	1497	639	1	2	1	2				
433830	392190	1497	488	0	2	1	0				
433830	392190	1497	639	0	2	1	2				
505830	392190	1497	488	1	2	1	0				
505830	392190	1497	639	1	2	1	2				
