Obj	Immersion	Empty	V_Res	µm/pix	Z step (µm)	Scanning	Sampling	Destripe	Flat	Z_Block	Version
LCT 1.625x	1.52+	Blank	1600	4.000	4.00	Fast	1/1	D256/0	Applied	7422	5.6.0.17
Wavelength	Power L	Power R									
488	20.00	20.00									
561	20.00	20.00									
639	35.00	35.00									
785	20.00	20.00									
X	Y	Z	Laser	Side	Exposure	Skip	Filter				
457730	259250	1141	488	0	2	1	0				
457730	259250	1141	639	0	2	1	2				
529730	259250	1141	488	1	2	1	0				
529730	259250	1141	639	1	2	1	2				
457730	316850	1141	488	0	2	1	0				
457730	316850	1141	639	0	2	1	2				
529730	316850	1141	488	1	2	1	0				
529730	316850	1141	639	1	2	1	2				
457730	374450	1141	488	0	2	1	0				
457730	374450	1141	639	0	2	1	2				
529730	374450	1141	488	1	2	1	0				
529730	374450	1141	639	1	2	1	2				
