Obj	Immersion	Empty	V_Res	µm/pix	Z step (µm)	Scanning	Sampling	Destripe	Z_Block	Version
LCT 1.625x	1.52+	Blank	1600	4.000	4.00	Fast	1/1	D256/0	7088	5.0.0.15
Wavelength	Power L	Power R								
488	20.00	20.00								
561	15.00	15.00								
639	35.00	35.00								
785	20.00	20.00								
X	Y	Z	Laser	Side	Exposure	Skip	Filter			
434560	615440	1504	488	0	2	1	0			
434560	615440	1504	639	0	2	1	2			
506560	615440	1504	488	1	2	1	0			
506560	615440	1504	639	1	2	1	2			
434560	673040	1504	488	0	2	1	0			
434560	673040	1504	639	0	2	1	2			
506560	673040	1504	488	1	2	1	0			
506560	673040	1504	639	1	2	1	2			
434560	730640	1504	488	0	2	1	0			
434560	730640	1504	639	0	2	1	2			
506560	730640	1504	488	1	2	1	0			
506560	730640	1504	639	1	2	1	2			
