Obj	Immersion	Empty	V_Res	µm/pix	Z step (µm)	Scanning	Sampling	Destripe	Z_Block	Version
LCT 1.625x	1.52+	Blank	1600	4.000	4.00	Fast	1/1	D256/0	7238	5.0.0.15
Wavelength	Power L	Power R								
488	20.00	20.00								
561	35.00	35.00								
639	35.00	35.00								
785	20.00	20.00								
X	Y	Z	Laser	Side	Exposure	Skip	Filter			
441510	307330	1674	488	0	2	1	0			
441510	307330	1674	561	0	2	1	1			
441510	307330	1674	639	0	2	1	2			
513510	307330	1674	488	1	2	1	0			
513510	307330	1674	561	1	2	1	1			
513510	307330	1674	639	1	2	1	2			
441510	364930	1674	488	0	2	1	0			
441510	364930	1674	561	0	2	1	1			
441510	364930	1674	639	0	2	1	2			
513510	364930	1674	488	1	2	1	0			
513510	364930	1674	561	1	2	1	1			
513510	364930	1674	639	1	2	1	2			
441510	422530	1674	488	0	2	1	0			
441510	422530	1674	561	0	2	1	1			
441510	422530	1674	639	0	2	1	2			
513510	422530	1674	488	1	2	1	0			
513510	422530	1674	561	1	2	1	1			
513510	422530	1674	639	1	2	1	2			
