Obj	Immersion	Empty	V_Res	µm/pix	Z step (µm)	Scanning	Sampling	Destripe	Flat	Z_Block	Version
LCT 1.625x	1.52+	Blank	1600	4.000	4.00	Fast	1/1	D256/0	Applied	7652	5.6.0.17
Wavelength	Power L	Power R									
488	15.00	18.00									
561	20.00	20.00									
639	60.00	55.00									
785	20.00	20.00									
X	Y	Z	Laser	Side	Exposure	Skip	Filter				
451780	640750	4120	488	0	2	1	0				
451780	640750	4120	639	0	2	1	2				
523780	640750	4120	488	1	2	1	0				
523780	640750	4120	639	1	2	1	2				
451780	698350	4120	488	0	2	1	0				
451780	698350	4120	639	0	2	1	2				
523780	698350	4120	488	1	2	1	0				
523780	698350	4120	639	1	2	1	2				
451780	755950	4120	488	0	2	1	0				
451780	755950	4120	639	0	2	1	2				
523780	755950	4120	488	1	2	1	0				
523780	755950	4120	639	1	2	1	2				
