Obj	Immersion	Empty	V_Res	µm/pix	Z step (µm)	Scanning	Sampling	Destripe	Flat	Z_Block	Version
LCT 1.625x	1.52+	Blank	1600	4.000	4.00	Fast	1/1	D256/0	Applied	7634	5.6.0.4
Wavelength	Power L	Power R									
488	20.00	20.00									
561	20.00	20.00									
639	35.00	35.00									
785	20.00	20.00									
X	Y	Z	Laser	Side	Exposure	Skip	Filter				
419900	258360	1627	488	0	2	1	0				
419900	258360	1627	561	0	2	1	1				
419900	258360	1627	639	0	2	1	2				
491900	258360	1627	488	1	2	1	0				
491900	258360	1627	561	1	2	1	1				
491900	258360	1627	639	1	2	1	2				
419900	315960	1627	488	0	2	1	0				
419900	315960	1627	561	0	2	1	1				
419900	315960	1627	639	0	2	1	2				
491900	315960	1627	488	1	2	1	0				
491900	315960	1627	561	1	2	1	1				
491900	315960	1627	639	1	2	1	2				
419900	373560	1627	488	0	2	1	0				
419900	373560	1627	561	0	2	1	1				
419900	373560	1627	639	0	2	1	2				
491900	373560	1627	488	1	2	1	0				
491900	373560	1627	561	1	2	1	1				
491900	373560	1627	639	1	2	1	2				
