Obj	Immersion	Empty	V_Res	µm/pix	Z step (µm)	Scanning	Sampling	Destripe	Flat	Z_Block	Version
LCT 1.625x	1.52+	Blank	1600	4.000	4.00	Fast	1/1	D256/0	Applied	8315	5.6.0.17
Wavelength	Power L	Power R									
488	27.00	35.00									
561	20.00	20.00									
639	57.00	55.00									
785	20.00	20.00									
X	Y	Z	Laser	Side	Exposure	Skip	Filter				
460500	236580	-96	488	0	2	1	0				
460500	236580	-96	639	0	2	1	2				
532500	236580	-96	488	1	2	1	0				
532500	236580	-96	639	1	2	1	2				
460500	294180	-96	488	0	2	1	0				
460500	294180	-96	639	0	2	1	2				
532500	294180	-96	488	1	2	1	0				
532500	294180	-96	639	1	2	1	2				
460500	351780	-96	488	0	2	1	0				
460500	351780	-96	639	0	2	1	2				
532500	351780	-96	488	1	2	1	0				
532500	351780	-96	639	1	2	1	2				
