Obj	Immersion	Empty	V_Res	µm/pix	Z step (µm)	Scanning	Sampling	Destripe	Z_Block	Version
LCT 1.625x	1.52+	Blank	1600	4.000	4.00	Fast	1/1	D256/0	7548	5.0.0.15
Wavelength	Power L	Power R								
488	20.00	20.00								
561	35.00	35.00								
639	35.00	35.00								
785	20.00	20.00								
X	Y	Z	Laser	Side	Exposure	Skip	Filter			
425780	242080	1558	488	0	2	1	0			
425780	242080	1558	561	0	2	1	1			
425780	242080	1558	639	0	2	1	2			
497780	242080	1558	488	1	2	1	0			
497780	242080	1558	561	1	2	1	1			
497780	242080	1558	639	1	2	1	2			
425780	299680	1558	488	0	2	1	0			
425780	299680	1558	561	0	2	1	1			
425780	299680	1558	639	0	2	1	2			
497780	299680	1558	488	1	2	1	0			
497780	299680	1558	561	1	2	1	1			
497780	299680	1558	639	1	2	1	2			
425780	357280	1558	488	0	2	1	0			
425780	357280	1558	561	0	2	1	1			
425780	357280	1558	639	0	2	1	2			
497780	357280	1558	488	1	2	1	0			
497780	357280	1558	561	1	2	1	1			
497780	357280	1558	639	1	2	1	2			
