Obj	Immersion	Empty	V_Res	µm/pix	Z step (µm)	Scanning	Sampling	Destripe	Flat	Z_Block	Version
LCT 1.625x	1.52+	Blank	1600	4.000	4.00	Fast	1/1	D256/0	Applied	8046	5.6.0.17
Wavelength	Power L	Power R									
488	28.00	35.00									
561	20.00	20.00									
639	35.00	35.00									
785	20.00	20.00									
X	Y	Z	Laser	Side	Exposure	Skip	Filter				
463750	623120	3450	488	0	2	1	0				
463750	623120	3450	639	0	2	1	2				
535750	623120	3450	488	1	2	1	0				
535750	623120	3450	639	1	2	1	2				
463750	680720	3450	488	0	2	1	0				
463750	680720	3450	639	0	2	1	2				
535750	680720	3450	488	1	2	1	0				
535750	680720	3450	639	1	2	1	2				
463750	738320	3450	488	0	2	1	0				
463750	738320	3450	639	0	2	1	2				
535750	738320	3450	488	1	2	1	0				
535750	738320	3450	639	1	2	1	2				
