Obj	Immersion	Empty	V_Res	µm/pix	Z step (µm)	Scanning	Sampling	Destripe	Z_Block	Version
LCT 1.625x	1.52+	Blank	1600	4.000	4.00	Fast	1/1	D256/0	7426	5.0.0.15
Wavelength	Power L	Power R								
488	20.00	20.00								
561	35.00	35.00								
639	35.00	35.00								
785	20.00	20.00								
X	Y	Z	Laser	Side	Exposure	Skip	Filter			
443170	603050	2379	488	0	2	1	0			
443170	603050	2379	561	0	2	1	1			
443170	603050	2379	639	0	2	1	2			
515170	603050	2379	488	1	2	1	0			
515170	603050	2379	561	1	2	1	1			
515170	603050	2379	639	1	2	1	2			
443170	660650	2379	488	0	2	1	0			
443170	660650	2379	561	0	2	1	1			
443170	660650	2379	639	0	2	1	2			
515170	660650	2379	488	1	2	1	0			
515170	660650	2379	561	1	2	1	1			
515170	660650	2379	639	1	2	1	2			
443170	718250	2379	488	0	2	1	0			
443170	718250	2379	561	0	2	1	1			
443170	718250	2379	639	0	2	1	2			
515170	718250	2379	488	1	2	1	0			
515170	718250	2379	561	1	2	1	1			
515170	718250	2379	639	1	2	1	2			
