Obj	Immersion	Empty	V_Res	µm/pix	Z step (µm)	Scanning	Sampling	Destripe	Flat	Z_Block	Version
LCT 1.625x	1.52+	Blank	1600	4.000	4.00	Fast	1/1	D256/0	Applied	7593	5.6.0.17
Wavelength	Power L	Power R									
488	28.00	35.00									
561	20.00	20.00									
639	35.00	35.00									
785	20.00	20.00									
X	Y	Z	Laser	Side	Exposure	Skip	Filter				
444280	266100	3724	488	0	2	1	0				
444280	266100	3724	639	0	2	1	2				
516280	266100	3724	488	1	2	1	0				
516280	266100	3724	639	1	2	1	2				
444280	323700	3724	488	0	2	1	0				
444280	323700	3724	639	0	2	1	2				
516280	323700	3724	488	1	2	1	0				
516280	323700	3724	639	1	2	1	2				
444280	381300	3724	488	0	2	1	0				
444280	381300	3724	639	0	2	1	2				
516280	381300	3724	488	1	2	1	0				
516280	381300	3724	639	1	2	1	2				
