Obj	Immersion	Empty	V_Res	µm/pix	Z step (µm)	Scanning	Sampling	Destripe	Z_Block	Version
LCT 1.625x	1.52+	Blank	1600	4.000	4.00	Fast	1/1	D256/0	7536	5.0.0.15
Wavelength	Power L	Power R								
488	20.00	20.00								
561	15.00	15.00								
639	35.00	35.00								
785	20.00	20.00								
X	Y	Z	Laser	Side	Exposure	Skip	Filter			
436500	286980	920	488	0	2	1	0			
436500	286980	920	639	0	2	1	2			
508500	286980	920	488	1	2	1	0			
508500	286980	920	639	1	2	1	2			
436500	344580	920	488	0	2	1	0			
436500	344580	920	639	0	2	1	2			
508500	344580	920	488	1	2	1	0			
508500	344580	920	639	1	2	1	2			
436500	402180	920	488	0	2	1	0			
436500	402180	920	639	0	2	1	2			
508500	402180	920	488	1	2	1	0			
508500	402180	920	639	1	2	1	2			
