Obj	Immersion	Empty	V_Res	µm/pix	Z step (µm)	Scanning	Sampling	Destripe	Z_Block	Version
LCT 1.625x	1.52+	Blank	1600	4.000	4.00	Fast	1/1	D256/0	7770	5.0.0.15
Wavelength	Power L	Power R								
488	20.00	20.00								
561	35.00	35.00								
639	35.00	35.00								
785	20.00	20.00								
X	Y	Z	Laser	Side	Exposure	Skip	Filter			
414780	381960	867	488	0	2	1	0			
414780	381960	867	561	0	2	1	1			
414780	381960	867	639	0	2	1	2			
486780	381960	867	488	1	2	1	0			
486780	381960	867	561	1	2	1	1			
486780	381960	867	639	1	2	1	2			
414780	439560	867	488	0	2	1	0			
414780	439560	867	561	0	2	1	1			
414780	439560	867	639	0	2	1	2			
486780	439560	867	488	1	2	1	0			
486780	439560	867	561	1	2	1	1			
486780	439560	867	639	1	2	1	2			
414780	497160	867	488	0	2	1	0			
414780	497160	867	561	0	2	1	1			
414780	497160	867	639	0	2	1	2			
486780	497160	867	488	1	2	1	0			
486780	497160	867	561	1	2	1	1			
486780	497160	867	639	1	2	1	2			
