Obj	Immersion	Empty	V_Res	µm/pix	Z step (µm)	Scanning	Sampling	Destripe	Z_Block	Version
LCT 1.625x	1.52+	Blank	1600	4.000	4.00	Fast	1/1	D256/0	6799	5.0.0.15
Wavelength	Power L	Power R								
488	20.00	20.00								
561	20.00	20.00								
639	35.00	35.00								
785	20.00	20.00								
X	Y	Z	Laser	Side	Exposure	Skip	Filter			
454680	623030	2681	488	0	2	1	0			
454680	623030	2681	639	0	2	1	2			
526680	623030	2681	488	1	2	1	0			
526680	623030	2681	639	1	2	1	2			
454680	680630	2681	488	0	2	1	0			
454680	680630	2681	639	0	2	1	2			
526680	680630	2681	488	1	2	1	0			
526680	680630	2681	639	1	2	1	2			
454680	738230	2681	488	0	2	1	0			
454680	738230	2681	639	0	2	1	2			
526680	738230	2681	488	1	2	1	0			
526680	738230	2681	639	1	2	1	2			
