Obj	Immersion	Empty	V_Res	µm/pix	Z step (µm)	Scanning	Sampling	Destripe	Flat	Z_Block	Version
LCT 1.625x	1.52+	Blank	1600	4.000	4.00	Fast	1/1	D256/0	Applied	7281	5.6.0.4
Wavelength	Power L	Power R									
488	20.00	20.00									
561	20.00	20.00									
639	35.00	35.00									
785	20.00	20.00									
X	Y	Z	Laser	Side	Exposure	Skip	Filter				
435800	262770	2571	488	0	2	1	0				
435800	262770	2571	561	0	2	1	1				
435800	262770	2571	639	0	2	1	2				
507800	262770	2571	488	1	2	1	0				
507800	262770	2571	561	1	2	1	1				
507800	262770	2571	639	1	2	1	2				
435800	320370	2571	488	0	2	1	0				
435800	320370	2571	561	0	2	1	1				
435800	320370	2571	639	0	2	1	2				
507800	320370	2571	488	1	2	1	0				
507800	320370	2571	561	1	2	1	1				
507800	320370	2571	639	1	2	1	2				
435800	377970	2571	488	0	2	1	0				
435800	377970	2571	561	0	2	1	1				
435800	377970	2571	639	0	2	1	2				
507800	377970	2571	488	1	2	1	0				
507800	377970	2571	561	1	2	1	1				
507800	377970	2571	639	1	2	1	2				
