Obj	Immersion	Empty	V_Res	µm/pix	Z step (µm)	Scanning	Sampling	Destripe	Flat	Z_Block	Version
LCT 1.625x	1.52+	Blank	1600	4.000	4.00	Fast	1/1	D256/0	Applied	7265	5.6.0.17
Wavelength	Power L	Power R									
488	13.00	13.00									
561	20.00	20.00									
639	47.00	48.00									
785	20.00	20.00									
X	Y	Z	Laser	Side	Exposure	Skip	Filter				
440990	621990	3796	488	0	2	1	0				
440990	621990	3796	639	0	2	1	2				
512990	621990	3796	488	1	2	1	0				
512990	621990	3796	639	1	2	1	2				
440990	679590	3796	488	0	2	1	0				
440990	679590	3796	639	0	2	1	2				
512990	679590	3796	488	1	2	1	0				
512990	679590	3796	639	1	2	1	2				
440990	737190	3796	488	0	2	1	0				
440990	737190	3796	639	0	2	1	2				
512990	737190	3796	488	1	2	1	0				
512990	737190	3796	639	1	2	1	2				
