Obj	Immersion	Empty	V_Res	µm/pix	Z step (µm)	Scanning	Sampling	Destripe	Flat	Z_Block	Version
LCT 1.625x	1.52+	Blank	1600	4.000	4.00	Fast	1/1	D256/0	Applied	7295	5.6.0.17
Wavelength	Power L	Power R									
488	20.00	20.00									
561	20.00	20.00									
639	35.00	35.00									
785	20.00	20.00									
X	Y	Z	Laser	Side	Exposure	Skip	Filter				
453160	639840	37	488	0	2	1	0				
453160	639840	37	639	0	2	1	2				
525160	639840	37	488	1	2	1	0				
525160	639840	37	639	1	2	1	2				
453160	697440	37	488	0	2	1	0				
453160	697440	37	639	0	2	1	2				
525160	697440	37	488	1	2	1	0				
525160	697440	37	639	1	2	1	2				
453160	755040	37	488	0	2	1	0				
453160	755040	37	639	0	2	1	2				
525160	755040	37	488	1	2	1	0				
525160	755040	37	639	1	2	1	2				
