Obj	Immersion	Empty	V_Res	µm/pix	Z step (µm)	Scanning	Sampling	Destripe	Z_Block	Version
LCT 1.625x	1.52+	Blank	1600	4.000	4.00	Fast	1/1	D256/0	7169	5.0.0.15
Wavelength	Power L	Power R								
488	20.00	20.00								
561	35.00	35.00								
639	35.00	35.00								
785	20.00	20.00								
X	Y	Z	Laser	Side	Exposure	Skip	Filter			
440820	300990	1851	488	0	2	1	0			
440820	300990	1851	561	0	2	1	1			
440820	300990	1851	639	0	2	1	2			
512820	300990	1851	488	1	2	1	0			
512820	300990	1851	561	1	2	1	1			
512820	300990	1851	639	1	2	1	2			
440820	358590	1851	488	0	2	1	0			
440820	358590	1851	561	0	2	1	1			
440820	358590	1851	639	0	2	1	2			
512820	358590	1851	488	1	2	1	0			
512820	358590	1851	561	1	2	1	1			
512820	358590	1851	639	1	2	1	2			
440820	416190	1851	488	0	2	1	0			
440820	416190	1851	561	0	2	1	1			
440820	416190	1851	639	0	2	1	2			
512820	416190	1851	488	1	2	1	0			
512820	416190	1851	561	1	2	1	1			
512820	416190	1851	639	1	2	1	2			
