Obj	Immersion	Empty	V_Res	µm/pix	Z step (µm)	Scanning	Sampling	Destripe	Flat	Z_Block	Version
LCT 1.625x	1.52+	Blank	1600	4.000	4.00	Fast	1/1	D256/0	Applied	7825	5.6.0.4
Wavelength	Power L	Power R									
488	20.00	20.00									
561	20.00	20.00									
639	35.00	35.00									
785	20.00	20.00									
X	Y	Z	Laser	Side	Exposure	Skip	Filter				
450750	634440	1460	488	0	2	1	0				
450750	634440	1460	561	0	2	1	1				
450750	634440	1460	639	0	2	1	2				
522750	634440	1460	488	1	2	1	0				
522750	634440	1460	561	1	2	1	1				
522750	634440	1460	639	1	2	1	2				
450750	692040	1460	488	0	2	1	0				
450750	692040	1460	561	0	2	1	1				
450750	692040	1460	639	0	2	1	2				
522750	692040	1460	488	1	2	1	0				
522750	692040	1460	561	1	2	1	1				
522750	692040	1460	639	1	2	1	2				
450750	749640	1460	488	0	2	1	0				
450750	749640	1460	561	0	2	1	1				
450750	749640	1460	639	0	2	1	2				
522750	749640	1460	488	1	2	1	0				
522750	749640	1460	561	1	2	1	1				
522750	749640	1460	639	1	2	1	2				
