Obj	Immersion	Empty	V_Res	µm/pix	Z step (µm)	Scanning	Sampling	Destripe	Z_Block	Version
LCT 1.625x	1.52+	Blank	1600	4.000	4.00	Fast	1/1	D256/0	7163	5.0.0.15
Wavelength	Power L	Power R								
488	20.00	20.00								
561	35.00	35.00								
639	35.00	35.00								
785	20.00	20.00								
X	Y	Z	Laser	Side	Exposure	Skip	Filter			
449660	632240	2360	488	0	2	1	0			
449660	632240	2360	561	0	2	1	1			
449660	632240	2360	639	0	2	1	2			
521660	632240	2360	488	1	2	1	0			
521660	632240	2360	561	1	2	1	1			
521660	632240	2360	639	1	2	1	2			
449660	689840	2360	488	0	2	1	0			
449660	689840	2360	561	0	2	1	1			
449660	689840	2360	639	0	2	1	2			
521660	689840	2360	488	1	2	1	0			
521660	689840	2360	561	1	2	1	1			
521660	689840	2360	639	1	2	1	2			
449660	747440	2360	488	0	2	1	0			
449660	747440	2360	561	0	2	1	1			
449660	747440	2360	639	0	2	1	2			
521660	747440	2360	488	1	2	1	0			
521660	747440	2360	561	1	2	1	1			
521660	747440	2360	639	1	2	1	2			
