Obj	Immersion	Empty	V_Res	µm/pix	Z step (µm)	Scanning	Sampling	Destripe	Z_Block	Version
LCT 1.625x	1.52+	Blank	1600	4.000	4.00	Fast	1/1	D256/0	6635	5.0.0.15
Wavelength	Power L	Power R								
488	20.00	20.00								
561	15.00	15.00								
639	35.00	35.00								
785	20.00	20.00								
X	Y	Z	Laser	Side	Exposure	Skip	Filter			
452510	649850	1871	488	0	2	1	0			
452510	649850	1871	639	0	2	1	2			
524510	649850	1871	488	1	2	1	0			
524510	649850	1871	639	1	2	1	2			
452510	707450	1871	488	0	2	1	0			
452510	707450	1871	639	0	2	1	2			
524510	707450	1871	488	1	2	1	0			
524510	707450	1871	639	1	2	1	2			
452510	765050	1871	488	0	2	1	0			
452510	765050	1871	639	0	2	1	2			
524510	765050	1871	488	1	2	1	0			
524510	765050	1871	639	1	2	1	2			
