Obj	Immersion	Empty	V_Res	µm/pix	Z step (µm)	Scanning	Sampling	Destripe	Flat	Z_Block	Version
LCT 1.625x	1.52+	Blank	1600	4.000	4.00	Fast	1/1	D256/0	Applied	7309	5.6.0.17
Wavelength	Power L	Power R									
488	24.00	30.00									
561	20.00	20.00									
639	39.00	38.00									
785	20.00	20.00									
X	Y	Z	Laser	Side	Exposure	Skip	Filter				
434470	268220	1791	488	0	2	1	0				
434470	268220	1791	639	0	2	1	2				
506470	268220	1791	488	1	2	1	0				
506470	268220	1791	639	1	2	1	2				
434470	325820	1791	488	0	2	1	0				
434470	325820	1791	639	0	2	1	2				
506470	325820	1791	488	1	2	1	0				
506470	325820	1791	639	1	2	1	2				
434470	383420	1791	488	0	2	1	0				
434470	383420	1791	639	0	2	1	2				
506470	383420	1791	488	1	2	1	0				
506470	383420	1791	639	1	2	1	2				
