Obj	Immersion	Empty	V_Res	µm/pix	Z step (µm)	Scanning	Sampling	Destripe	Flat	Z_Block	Version
LCT 1.625x	1.52+	Blank	1600	4.000	4.00	Fast	1/1	D256/0	Applied	7417	5.6.0.17
Wavelength	Power L	Power R									
488	27.00	35.00									
561	20.00	20.00									
639	57.00	55.00									
785	20.00	20.00									
X	Y	Z	Laser	Side	Exposure	Skip	Filter				
441000	258280	1211	488	0	2	1	0				
441000	258280	1211	639	0	2	1	2				
513000	258280	1211	488	1	2	1	0				
513000	258280	1211	639	1	2	1	2				
441000	315880	1211	488	0	2	1	0				
441000	315880	1211	639	0	2	1	2				
513000	315880	1211	488	1	2	1	0				
513000	315880	1211	639	1	2	1	2				
441000	373480	1211	488	0	2	1	0				
441000	373480	1211	639	0	2	1	2				
513000	373480	1211	488	1	2	1	0				
513000	373480	1211	639	1	2	1	2				
