Obj	Immersion	Empty	V_Res	µm/pix	Z step (µm)	Scanning	Sampling	Destripe	Flat	Z_Block	Version
LCT 1.625x	1.52+	Blank	1600	4.000	4.00	Fast	1/1	D256/0	Applied	7360	5.6.0.4
Wavelength	Power L	Power R									
488	20.00	20.00									
561	20.00	20.00									
639	35.00	35.00									
785	20.00	20.00									
X	Y	Z	Laser	Side	Exposure	Skip	Filter				
416650	224520	1504	488	0	2	1	0				
416650	224520	1504	561	0	2	1	1				
416650	224520	1504	639	0	2	1	2				
488650	224520	1504	488	1	2	1	0				
488650	224520	1504	561	1	2	1	1				
488650	224520	1504	639	1	2	1	2				
416650	282120	1504	488	0	2	1	0				
416650	282120	1504	561	0	2	1	1				
416650	282120	1504	639	0	2	1	2				
488650	282120	1504	488	1	2	1	0				
488650	282120	1504	561	1	2	1	1				
488650	282120	1504	639	1	2	1	2				
416650	339720	1504	488	0	2	1	0				
416650	339720	1504	561	0	2	1	1				
416650	339720	1504	639	0	2	1	2				
488650	339720	1504	488	1	2	1	0				
488650	339720	1504	561	1	2	1	1				
488650	339720	1504	639	1	2	1	2				
