Obj	Immersion	Empty	V_Res	µm/pix	Z step (µm)	Scanning	Sampling	Destripe	Flat	Z_Block	Version
LCT 1.625x	1.52+	Blank	1600	4.000	4.00	Fast	1/1	D256/0	Applied	7657	5.6.0.4
Wavelength	Power L	Power R									
488	20.00	20.00									
561	20.00	20.00									
639	35.00	35.00									
785	20.00	20.00									
X	Y	Z	Laser	Side	Exposure	Skip	Filter				
450160	624780	1117	488	0	2	1	0				
450160	624780	1117	561	0	2	1	1				
450160	624780	1117	639	0	2	1	2				
522160	624780	1117	488	1	2	1	0				
522160	624780	1117	561	1	2	1	1				
522160	624780	1117	639	1	2	1	2				
450160	682380	1117	488	0	2	1	0				
450160	682380	1117	561	0	2	1	1				
450160	682380	1117	639	0	2	1	2				
522160	682380	1117	488	1	2	1	0				
522160	682380	1117	561	1	2	1	1				
522160	682380	1117	639	1	2	1	2				
450160	739980	1117	488	0	2	1	0				
450160	739980	1117	561	0	2	1	1				
450160	739980	1117	639	0	2	1	2				
522160	739980	1117	488	1	2	1	0				
522160	739980	1117	561	1	2	1	1				
522160	739980	1117	639	1	2	1	2				
