Obj	Immersion	Empty	V_Res	µm/pix	Z step (µm)	Scanning	Sampling	Destripe	Flat	Z_Block	Version
LCT 1.625x	1.52+	Blank	1600	4.000	4.00	Fast	1/1	D256/0	Applied	7214	5.6.0.17
Wavelength	Power L	Power R									
488	20.00	20.00									
561	20.00	20.00									
639	35.00	35.00									
785	20.00	20.00									
X	Y	Z	Laser	Side	Exposure	Skip	Filter				
443020	630110	-477	488	0	2	1	0				
443020	630110	-477	639	0	2	1	2				
515020	630110	-477	488	1	2	1	0				
515020	630110	-477	639	1	2	1	2				
443020	687710	-477	488	0	2	1	0				
443020	687710	-477	639	0	2	1	2				
515020	687710	-477	488	1	2	1	0				
515020	687710	-477	639	1	2	1	2				
443020	745310	-477	488	0	2	1	0				
443020	745310	-477	639	0	2	1	2				
515020	745310	-477	488	1	2	1	0				
515020	745310	-477	639	1	2	1	2				
