Obj	Immersion	Empty	V_Res	µm/pix	Z step (µm)	Scanning	Sampling	Destripe	Flat	Z_Block	Version
LCT 1.625x	1.52+	Blank	1600	4.000	4.00	Fast	1/1	D256/0	Applied	7746	5.6.0.17
Wavelength	Power L	Power R									
488	16.00	18.00									
561	6.00	8.00									
639	60.00	55.00									
785	20.00	20.00									
X	Y	Z	Laser	Side	Exposure	Skip	Filter				
435750	259000	1340	488	0	2	1	0				
435750	259000	1340	561	0	2	1	1				
435750	259000	1340	639	0	2	1	2				
507750	259000	1340	488	1	2	1	0				
507750	259000	1340	561	1	2	1	1				
507750	259000	1340	639	1	2	1	2				
435750	316600	1340	488	0	2	1	0				
435750	316600	1340	561	0	2	1	1				
435750	316600	1340	639	0	2	1	2				
507750	316600	1340	488	1	2	1	0				
507750	316600	1340	561	1	2	1	1				
507750	316600	1340	639	1	2	1	2				
435750	374200	1340	488	0	2	1	0				
435750	374200	1340	561	0	2	1	1				
435750	374200	1340	639	0	2	1	2				
507750	374200	1340	488	1	2	1	0				
507750	374200	1340	561	1	2	1	1				
507750	374200	1340	639	1	2	1	2				
