Obj	Immersion	Empty	V_Res	µm/pix	Z step (µm)	Scanning	Sampling	Destripe	Flat	Z_Block	Version
LCT 1.625x	1.52+	Blank	1600	4.000	4.00	Fast	1/1	D256/0	Applied	7718	5.6.0.17
Wavelength	Power L	Power R									
488	24.00	30.00									
561	20.00	20.00									
639	39.00	38.00									
785	20.00	20.00									
X	Y	Z	Laser	Side	Exposure	Skip	Filter				
439130	634020	1424	488	0	2	1	0				
439130	634020	1424	639	0	2	1	2				
511130	634020	1424	488	1	2	1	0				
511130	634020	1424	639	1	2	1	2				
439130	691620	1424	488	0	2	1	0				
439130	691620	1424	639	0	2	1	2				
511130	691620	1424	488	1	2	1	0				
511130	691620	1424	639	1	2	1	2				
439130	749220	1424	488	0	2	1	0				
439130	749220	1424	639	0	2	1	2				
511130	749220	1424	488	1	2	1	0				
511130	749220	1424	639	1	2	1	2				
