Obj	Immersion	Empty	V_Res	µm/pix	Z step (µm)	Scanning	Sampling	Destripe	Flat	Z_Block	Version
LCT 1.625x	1.52+	Blank	1600	4.000	4.00	Fast	1/1	D256/0	Applied	7412	5.6.0.17
Wavelength	Power L	Power R									
488	16.00	18.00									
561	6.00	8.00									
639	60.00	55.00									
785	20.00	20.00									
X	Y	Z	Laser	Side	Exposure	Skip	Filter				
466050	585720	390	488	0	2	1	0				
466050	585720	390	561	0	2	1	1				
466050	585720	390	639	0	2	1	2				
538050	585720	390	488	1	2	1	0				
538050	585720	390	561	1	2	1	1				
538050	585720	390	639	1	2	1	2				
466050	643320	390	488	0	2	1	0				
466050	643320	390	561	0	2	1	1				
466050	643320	390	639	0	2	1	2				
538050	643320	390	488	1	2	1	0				
538050	643320	390	561	1	2	1	1				
538050	643320	390	639	1	2	1	2				
466050	700920	390	488	0	2	1	0				
466050	700920	390	561	0	2	1	1				
466050	700920	390	639	0	2	1	2				
538050	700920	390	488	1	2	1	0				
538050	700920	390	561	1	2	1	1				
538050	700920	390	639	1	2	1	2				
